x = [4.8, -2.7, 2.2, 1.1, 0.8, -7.3];